%YAML:1.0
---
rms: 7.0425289093824806e-01
cameraL: !!opencv-matrix
   rows: 3
   cols: 3
   dt: d
   data: [ 7.4123222459102931e+02, 0., 3.1074536659570924e+02, 0.,
       7.4123222459102931e+02, 2.4286947433894477e+02, 0., 0., 1. ]
cameraR: !!opencv-matrix
   rows: 3
   cols: 3
   dt: d
   data: [ 7.4123222459102931e+02, 0., 3.0530501174042973e+02, 0.,
       7.4123222459102931e+02, 2.3835321522237936e+02, 0., 0., 1. ]
distCoefL: !!opencv-matrix
   rows: 1
   cols: 14
   dt: d
   data: [ 3.0172373587016882e-01, -2.1080498164032169e+00, 0., 0., 0.,
       0., 0., -3.6540551714634741e+00, 0., 0., 0., 0., 0., 0. ]
distCoefR: !!opencv-matrix
   rows: 1
   cols: 14
   dt: d
   data: [ 3.9098895479861501e-01, -3.8929462164865813e+00, 0., 0., 0.,
       0., 0., -1.0792160445760953e+01, 0., 0., 0., 0., 0., 0. ]
rotMatrix: !!opencv-matrix
   rows: 3
   cols: 3
   dt: d
   data: [ 9.9991532850448195e-01, 9.8140539815982433e-03,
       -8.5451838025993824e-03, -9.5882749124050620e-03,
       9.9961404347161287e-01, 2.6073532145386050e-02,
       8.7977727850902642e-03, -2.5989390888949509e-02,
       9.9962350450319204e-01 ]
translVec: !!opencv-matrix
   rows: 3
   cols: 1
   dt: d
   data: [ -7.4445820966445055e+01, 3.4976127069331322e+00,
       -1.4167425441791257e+00 ]
essMatrix: !!opencv-matrix
   rows: 3
   cols: 3
   dt: d
   data: [ 1.7187084892152569e-02, 1.3252949193265140e+00,
       3.5332353537667838e+00, -7.6166516880685342e-01,
       -1.9487055289522941e+00, 7.4429898775535989e+01,
       -2.7835095613285294e+00, -7.4451413875744478e+01,
       -1.9111777626072093e+00 ]
fundMatrix: !!opencv-matrix
   rows: 3
   cols: 3
   dt: d
   data: [ -1.6771542053142367e-08, -1.2932524399439758e-06,
       -2.2363247500468185e-03, 7.4324991638870210e-07,
       1.9015904636007845e-06, -5.4528763674574578e-02,
       1.8413074910808588e-03, 5.3793112289334893e-02,
       9.9999999999999989e-01 ]
